0
0
0
0
0
0
0
0
0
0
0
0
0
2.53
5.11
9.51
11.22
12.18
10.51
6.59
0.17
0
0.15
0.46
6.13
9.13
10.39
12.44
11.79
7.95
4.01
1.46
0
0.23
2.66
6.65
9.74
12.64
13.88
14.24
14.58
14.44
14.17
13.91
13.73
13.67
13.97
14.17
14.98
15.26
15.58
15.46
15.76
15.91
16.15
16.23
16.309999
16.389999
16.26
16.23
15.83
15.82
15.66
15.76
16
16.129999
16.15
15.96
15.87
15.26
14.85
14.46
14.4
14.15
12.68
10.58
8.37
7.27
7.55
9.13
10.86
12.35
13.51
14.14
14.28
14.6
14.96
15.46
15.4
14.98
15.3
15.87
15.62
15.19
15.27
15.28
14.88
14.63
14.18
13.6
13.17
12.49
12.21
9.93
7.76
4.64
0.42
0.46
0.19
0.19
0
0
0.21
0.38
0
0
0
0
